Set ID	Set N	Kuiper p-value (vs. background)	Kuiper q-value (vs. background)	Kuiper p-value (vs. uniform)	Kuiper q-value (vs. uniform)	Vector-average magnitude	Vector-average value
HALLMARK_WNT_BETA_CATENIN_SIGNALING	0	NA	NA	NA	NA	NA	NA
HALLMARK_SPERMATOGENESIS	1	NA	NA	NA	NA	NA	NA
HALLMARK_PANCREAS_BETA_CELLS	1	NA	NA	NA	NA	NA	NA
HALLMARK_NOTCH_SIGNALING	2	NA	NA	NA	NA	NA	NA
HALLMARK_REACTIVE_OXYGEN_SPECIES_PATHWAY	4	NA	NA	NA	NA	NA	NA
HALLMARK_OXIDATIVE_PHOSPHORYLATION	4	NA	NA	NA	NA	NA	NA
HALLMARK_PROTEIN_SECRETION	4	NA	NA	NA	NA	NA	NA
HALLMARK_DNA_REPAIR	5	NA	NA	NA	NA	NA	NA
HALLMARK_BILE_ACID_METABOLISM	5	NA	NA	NA	NA	NA	NA
HALLMARK_HEDGEHOG_SIGNALING	5	NA	NA	NA	NA	NA	NA
HALLMARK_ANGIOGENESIS	6	NA	NA	NA	NA	NA	NA
HALLMARK_TGF_BETA_SIGNALING	7	NA	NA	NA	NA	NA	NA
HALLMARK_CHOLESTEROL_HOMEOSTASIS	7	NA	NA	NA	NA	NA	NA
HALLMARK_PEROXISOME	7	NA	NA	NA	NA	NA	NA
HALLMARK_MITOTIC_SPINDLE	8	NA	NA	NA	NA	NA	NA
HALLMARK_APICAL_SURFACE	9	NA	NA	NA	NA	NA	NA
HALLMARK_PI3K_AKT_MTOR_SIGNALING	10	0.8	0.8	0.0014	0.002357142857142857	0.7206890898157159	2.3578011149379194
HALLMARK_FATTY_ACID_METABOLISM	10	0.6	0.69	2.0E-4	5.5E-4	0.7594474676461338	2.049276813374921
HALLMARK_UV_RESPONSE_DN	11	0.2	0.2705882352941177	0.0	0.0	0.9280010506258544	2.907418424750988
HALLMARK_ADIPOGENESIS	11	0.1	0.14533125	0.0	0.0	0.84446632542922	2.8581446868212472
HALLMARK_HEME_METABOLISM	12	0.7	0.7318181818181817	0.0428	0.04708	0.31647941166818877	2.4689232075533534
HALLMARK_MYC_TARGETS_V1	14	0.0304	0.06753636363636364	0.0	0.0	0.8325552709947979	2.2285053843581903
HALLMARK_INTERFERON_ALPHA_RESPONSE	14	0.1011	0.14533125	0.0	0.0	0.8448532357888328	2.424389424281253
HALLMARK_COAGULATION	14	0.6799	0.7318181818181817	0.0015	0.002357142857142857	0.3914115431913473	2.6608853204866167
HALLMARK_MYC_TARGETS_V2	15	0.0069	0.022671428571428568	0.0	0.0	0.851118338923208	2.32797689299619
HALLMARK_UV_RESPONSE_UP	15	0.0658	0.11641538461538462	0.0	0.0	0.9575684651252292	2.2289962556438017
HALLMARK_IL6_JAK_STAT3_SIGNALING	16	0.0443	0.08490833333333334	0.0	0.0	0.8695152199636992	2.1329411260584408
HALLMARK_KRAS_SIGNALING_DN	17	8.0E-4	0.0046	1.0E-4	3.666666666666667E-4	0.5963379580217378	14.492638932203509
HALLMARK_E2F_TARGETS	18	0.7	0.7318181818181817	0.0075	0.010312499999999999	0.20810157994974066	1.9051149925796358
HALLMARK_ANDROGEN_RESPONSE	18	0.3	0.3833333333333333	0.0	0.0	0.6498765643975698	2.55181417309892
HALLMARK_G2M_CHECKPOINT	18	0.2	0.2705882352941177	0.0326	0.03984444444444444	0.3312276013810077	23.77879499767905
HALLMARK_MYOGENESIS	19	0.6	0.69	4.0E-4	8.8E-4	0.4278552766269735	2.349334071365363
HALLMARK_XENOBIOTIC_METABOLISM	21	0.2	0.2705882352941177	0.0	0.0	0.7372553245582483	2.80476559811626
HALLMARK_COMPLEMENT	22	0.5	0.6052631578947368	0.0	0.0	0.5785869945252302	2.526011963921296
HALLMARK_P53_PATHWAY	23	0.1	0.14533125	0.0	0.0	0.6023187559876	1.3645084233226987
HALLMARK_APICAL_JUNCTION	23	0.0323	0.06753636363636364	0.0	0.0	0.7189878088760484	2.397720031357619
HALLMARK_UNFOLDED_PROTEIN_RESPONSE	23	0.0156	0.04485	0.0	0.0	0.9562244689060031	2.3203386906202472
HALLMARK_ALLOGRAFT_REJECTION	23	0.0724	0.11894285714285714	0.0	0.0	0.8019932419013125	2.657367911410481
HALLMARK_APOPTOSIS	24	0.2	0.2705882352941177	0.0	0.0	0.6930873986007381	2.0315102615297262
HALLMARK_ESTROGEN_RESPONSE_LATE	25	0.1	0.14533125	0.0555	0.0555	0.18630845229665052	23.06977480218815
HALLMARK_KRAS_SIGNALING_UP	26	0.0257	0.06567777777777778	0.0	0.0	0.7527217878679054	2.574341741609537
HALLMARK_GLYCOLYSIS	29	0.1	0.14533125	0.0	0.0	0.8224038124752698	2.5579598690299745
HALLMARK_IL2_STAT5_SIGNALING	31	0.0	0.0	0.0	0.0	0.9021119669034365	2.02230729556301
HALLMARK_MTORC1_SIGNALING	31	0.0012	0.0046	0.0	0.0	0.9392743831107988	2.4985905535284356
HALLMARK_ESTROGEN_RESPONSE_EARLY	33	0.6	0.69	0.0	0.0	0.4103146462504237	1.4785564252740662
HALLMARK_INTERFERON_GAMMA_RESPONSE	35	0.0	0.0	0.0	0.0	0.860970957182765	1.9189291589268829
HALLMARK_HYPOXIA	37	0.001	0.0046	0.0	0.0	0.8991520351458342	2.0030123426382
HALLMARK_INFLAMMATORY_RESPONSE	42	0.0011	0.0046	0.0	0.0	0.7820532612376845	1.98141105521702
HALLMARK_TNFA_SIGNALING_VIA_NFKB	47	0.0	0.0	0.0	0.0	0.8729828343306582	1.6449737042611625
HALLMARK_EPITHELIAL_MESENCHYMAL_TRANSITION	51	0.0	0.0	0.0	0.0	0.9017177996493138	2.6108107508114755
